               -689.9708335767
         -0.000064731       0.000025759       0.000027947
          0.000025760      -0.000106064       0.000012520
          0.000027948       0.000012520      -0.000020648
         144
  1    14       0.167781462       0.103749643      -0.163916637  Si
  1    14       0.013102111       0.018693792      -0.010365826  Si
  2     1       0.000703792      -0.000567358      -0.000347517  H
  2     1      -0.001977995      -0.002224199       0.000424024  H
  1    14       0.016119101       0.213857359      -0.076130065  Si
  1    14       0.001843302       0.013212869      -0.003736730  Si
  2     1      -0.000993153      -0.000228041      -0.000065165  H
  2     1      -0.000040270      -0.001474444       0.000138790  H
  1    14       0.012837508       0.212521446      -0.078335052  Si
  1    14       0.001597546       0.013022093      -0.003150250  Si
  2     1      -0.000639966      -0.000009392      -0.000028851  H
  2     1       0.000059845      -0.001381946       0.000088799  H
  1    14       0.012644364       0.212327341      -0.078522970  Si
  1    14       0.001339382       0.013021537      -0.003255811  Si
  2     1      -0.000571062       0.000029745       0.000009114  H
  2     1       0.000030697      -0.001365438       0.000110471  H
  1    14       0.012446946       0.212126287      -0.078135527  Si
  1    14      -0.001299009       0.011000568      -0.005157837  Si
  2     1      -0.000463799       0.000109165      -0.000046178  H
  2     1       0.000443261      -0.001060208       0.000191394  H
  1    14       0.002395024       0.207688637      -0.071582775  Si
  1    14      -0.197007521       0.126085772       0.080987249  Si
  2     1       0.001207923       0.000967635      -0.000272135  H
  2     1      -0.000366407      -0.000607416      -0.000348913  H
  1    14       0.197858256      -0.114195180      -0.082547410  Si
  1    14       0.011029552       0.003963097      -0.007932447  Si
  2     1       0.000624785      -0.000985804       0.000324988  H
  2     1      -0.001976385      -0.000900401       0.000284697  H
  1    14       0.000749974       0.003330280       0.003703145  Si
  1    14       0.000824521       0.000415374      -0.001202345  Si
  2     1      -0.000434181      -0.000644423      -0.000071903  H
  2     1      -0.000186260      -0.000106115      -0.000020285  H
  1    14      -0.002544311       0.001110651       0.001572339  Si
  1    14       0.000516403       0.000347148      -0.000695671  Si
  2     1       0.000008771      -0.000392897       0.000024470  H
  2     1       0.000010761      -0.000036756      -0.000062316  H
  1    14      -0.002905004       0.001061078       0.001417247  Si
  1    14       0.000398435       0.000235672      -0.000816978  Si
  2     1       0.000037164      -0.000350326       0.000051414  H
  2     1      -0.000011950      -0.000032742      -0.000030857  H
  1    14      -0.003193824       0.001046593       0.001885660  Si
  1    14      -0.002516049      -0.001959622      -0.002833355  Si
  2     1       0.000157609      -0.000290296       0.000008578  H
  2     1       0.000382416       0.000280000       0.000037500  H
  1    14      -0.013372498      -0.002544735       0.008565034  Si
  1    14      -0.199218149       0.114129906       0.083599717  Si
  2     1       0.001952170       0.000462481      -0.000270787  H
  2     1      -0.000564403       0.000777410      -0.000424040  H
  1    14       0.199173595      -0.113933489      -0.083850008  Si
  1    14       0.010656427       0.003461338      -0.007547372  Si
  2     1       0.000635794      -0.000857027       0.000456064  H
  2     1      -0.001943626      -0.000848484       0.000241520  H
  1    14       0.002688288       0.002363124       0.002627153  Si
  1    14       0.000518491      -0.000013303      -0.000843664  Si
  2     1      -0.000450164      -0.000333137      -0.000035592  H
  2     1      -0.000133852      -0.000079438      -0.000041198  H
  1    14      -0.000300254       0.000169968       0.000572019  Si
  1    14       0.000177758       0.000061544      -0.000363988  Si
  2     1      -0.000035475      -0.000057614       0.000059437  H
  2     1      -0.000010937       0.000012982      -0.000093025  H
  1    14      -0.000543738       0.000063694       0.000402291  Si
  1    14       0.000020350      -0.000108843      -0.000514491  Si
  2     1       0.000038237      -0.000041522       0.000084963  H
  2     1       0.000023881       0.000000679      -0.000064159  H
  1    14      -0.000895854       0.000107715       0.000879962  Si
  1    14      -0.002932002      -0.002316125      -0.002540745  Si
  2     1       0.000123494       0.000043929       0.000029065  H
  2     1       0.000434940       0.000305524       0.000014622  H
  1    14      -0.010987404      -0.003355689       0.007568957  Si
  1    14      -0.199395935       0.113856626       0.083936352  Si
  2     1       0.001927802       0.000780372      -0.000237785  H
  2     1      -0.000612607       0.000839043      -0.000464275  H
  1    14       0.199414274      -0.113867813      -0.083924135  Si
  1    14       0.010956033       0.003352741      -0.007560571  Si
  2     1       0.000603895      -0.000805506       0.000475485  H
  2     1      -0.001967921      -0.000822341       0.000238004  H
  1    14       0.002943103       0.002312871       0.002536332  Si
  1    14       0.000888608      -0.000103532      -0.000870218  Si
  2     1      -0.000414596      -0.000308546      -0.000012776  H
  2     1      -0.000128990      -0.000086166      -0.000052680  H
  1    14      -0.000022272       0.000098474       0.000497501  Si
  1    14       0.000577762      -0.000090417      -0.000396761  Si
  2     1      -0.000045971      -0.000010014       0.000068549  H
  2     1       0.000004183       0.000009264      -0.000086063  H
  1    14      -0.000194512      -0.000046994       0.000381806  Si
  1    14       0.000285530      -0.000185551      -0.000573221  Si
  2     1       0.000018574       0.000018522       0.000112002  H
  2     1      -0.000009364       0.000017469      -0.000059739  H
  1    14      -0.000503820       0.000012722       0.000827808  Si
  1    14      -0.002703883      -0.002347694      -0.002610073  Si
  2     1       0.000149533       0.000074591       0.000046736  H
  2     1       0.000458486       0.000293043       0.000011911  H
  1    14      -0.010649729      -0.003464096       0.007533474  Si
  1    14      -0.199145381       0.113925886       0.083857526  Si
  2     1       0.001914585       0.000840218      -0.000232870  H
  2     1      -0.000602069       0.000820208      -0.000452213  H
  1    14       0.199175584      -0.114110437      -0.083597198  Si
  1    14       0.013366344       0.002554801      -0.008619059  Si
  2     1       0.000594686      -0.000743228       0.000425826  H
  2     1      -0.001955396      -0.000451742       0.000278158  H
  1    14       0.002526395       0.001957428       0.002820489  Si
  1    14       0.003212231      -0.001054293      -0.001893413  Si
  2     1      -0.000408143      -0.000232894      -0.000049459  H
  2     1      -0.000181279       0.000334304      -0.000014991  H
  1    14      -0.000398176      -0.000222535       0.000771642  Si
  1    14       0.002886799      -0.001073652      -0.001422837  Si
  2     1       0.000005858       0.000037834       0.000034623  H
  2     1      -0.000009272       0.000404220      -0.000056661  H
  1    14      -0.000552587      -0.000344032       0.000684640  Si
  1    14       0.002554212      -0.001082266      -0.001620561  Si
  2     1       0.000024238       0.000079538       0.000056661  H
  2     1      -0.000014256       0.000402503      -0.000016478  H
  1    14      -0.000798870      -0.000404754       0.001187195  Si
  1    14      -0.000730528      -0.003337638      -0.003712486  Si
  2     1       0.000156409       0.000147927       0.000012827  H
  2     1       0.000412345       0.000696106       0.000062336  H
  1    14      -0.011043186      -0.003940962       0.007882410  Si
  1    14      -0.197888954       0.114180842       0.082552588  Si
  2     1       0.001971268       0.000907706      -0.000277249  H
  2     1      -0.000596194       0.001025149      -0.000332045  H
  1    14       0.197029402      -0.126083546      -0.080972290  Si
  1    14      -0.002384706      -0.207668594       0.071574848  Si
  2     1       0.000398517       0.000565500       0.000358070  H
  2     1      -0.001243365      -0.000984061       0.000276544  H
  1    14       0.001285997      -0.010995064       0.005173827  Si
  1    14      -0.012433871      -0.212124536       0.078120137  Si
  2     1      -0.000428467       0.001013028      -0.000212601  H
  2     1       0.000476394      -0.000125138       0.000046349  H
  1    14      -0.001357824      -0.013025913       0.003259457  Si
  1    14      -0.012668903      -0.212262615       0.078541382  Si
  2     1      -0.000080159       0.001323225      -0.000109089  H
  2     1       0.000584814      -0.000015875       0.000006602  H
  1    14      -0.001560243      -0.013039252       0.003163922  Si
  1    14      -0.012835567      -0.212511531       0.078322582  Si
  2     1      -0.000018527       0.001345552      -0.000087390  H
  2     1       0.000613599      -0.000007092       0.000028559  H
  1    14      -0.001849149      -0.013208368       0.003751269  Si
  1    14      -0.016119106      -0.213841198       0.076119830  Si
  2     1       0.000041109       0.001425564      -0.000161042  H
  2     1       0.001011568       0.000217478       0.000060310  H
  1    14      -0.013133897      -0.018711345       0.010375022  Si
  1    14      -0.167775880      -0.103715984       0.163927199  Si
  2     1       0.001932000       0.002178527      -0.000423338  H
  2     1      -0.000705804       0.000581962       0.000362291  H
