               -690.7643246998
         -0.000000497       0.000000013       0.000000009
          0.000000013      -0.000000482      -0.000000005
          0.000000009      -0.000000005       0.000000067
         144
  1    14       0.000010021      -0.000005786       0.000107124  Si
  1    14      -0.000010020       0.000005786      -0.000107125  Si
  2     1       0.000000416      -0.000000240       0.000046345  H
  2     1      -0.000000417       0.000000240      -0.000046344  H
  1    14       0.000010021      -0.000005786       0.000107124  Si
  1    14      -0.000010020       0.000005786      -0.000107125  Si
  2     1       0.000000416      -0.000000240       0.000046345  H
  2     1      -0.000000417       0.000000240      -0.000046344  H
  1    14       0.000010021      -0.000005786       0.000107124  Si
  1    14      -0.000010020       0.000005786      -0.000107126  Si
  2     1       0.000000416      -0.000000240       0.000046345  H
  2     1      -0.000000417       0.000000241      -0.000046344  H
  1    14       0.000010021      -0.000005785       0.000107124  Si
  1    14      -0.000010020       0.000005786      -0.000107126  Si
  2     1       0.000000416      -0.000000240       0.000046345  H
  2     1      -0.000000417       0.000000241      -0.000046344  H
  1    14       0.000010021      -0.000005786       0.000107124  Si
  1    14      -0.000010020       0.000005786      -0.000107126  Si
  2     1       0.000000416      -0.000000240       0.000046345  H
  2     1      -0.000000417       0.000000240      -0.000046344  H
  1    14       0.000010021      -0.000005786       0.000107124  Si
  1    14      -0.000010020       0.000005786      -0.000107126  Si
  2     1       0.000000416      -0.000000240       0.000046345  H
  2     1      -0.000000417       0.000000241      -0.000046343  H
  1    14       0.000010021      -0.000005786       0.000107127  Si
  1    14      -0.000010021       0.000005785      -0.000107127  Si
  2     1       0.000000416      -0.000000241       0.000046343  H
  2     1      -0.000000416       0.000000240      -0.000046343  H
  1    14       0.000010021      -0.000005786       0.000107127  Si
  1    14      -0.000010021       0.000005785      -0.000107127  Si
  2     1       0.000000416      -0.000000241       0.000046343  H
  2     1      -0.000000417       0.000000240      -0.000046343  H
  1    14       0.000010021      -0.000005785       0.000107127  Si
  1    14      -0.000010021       0.000005785      -0.000107127  Si
  2     1       0.000000416      -0.000000241       0.000046343  H
  2     1      -0.000000416       0.000000240      -0.000046343  H
  1    14       0.000010020      -0.000005786       0.000107127  Si
  1    14      -0.000010020       0.000005785      -0.000107127  Si
  2     1       0.000000416      -0.000000241       0.000046343  H
  2     1      -0.000000416       0.000000240      -0.000046343  H
  1    14       0.000010021      -0.000005786       0.000107127  Si
  1    14      -0.000010021       0.000005785      -0.000107127  Si
  2     1       0.000000416      -0.000000241       0.000046343  H
  2     1      -0.000000416       0.000000240      -0.000046343  H
  1    14       0.000010020      -0.000005785       0.000107127  Si
  1    14      -0.000010021       0.000005785      -0.000107127  Si
  2     1       0.000000416      -0.000000241       0.000046343  H
  2     1      -0.000000416       0.000000240      -0.000046343  H
  1    14       0.000010020      -0.000005787       0.000107127  Si
  1    14      -0.000010020       0.000005787      -0.000107126  Si
  2     1       0.000000417      -0.000000240       0.000046343  H
  2     1      -0.000000416       0.000000241      -0.000046343  H
  1    14       0.000010020      -0.000005786       0.000107127  Si
  1    14      -0.000010020       0.000005787      -0.000107126  Si
  2     1       0.000000416      -0.000000240       0.000046343  H
  2     1      -0.000000416       0.000000240      -0.000046343  H
  1    14       0.000010020      -0.000005786       0.000107127  Si
  1    14      -0.000010020       0.000005787      -0.000107126  Si
  2     1       0.000000416      -0.000000240       0.000046343  H
  2     1      -0.000000417       0.000000240      -0.000046343  H
  1    14       0.000010020      -0.000005786       0.000107127  Si
  1    14      -0.000010020       0.000005787      -0.000107126  Si
  2     1       0.000000417      -0.000000240       0.000046343  H
  2     1      -0.000000417       0.000000240      -0.000046343  H
  1    14       0.000010020      -0.000005786       0.000107127  Si
  1    14      -0.000010020       0.000005787      -0.000107126  Si
  2     1       0.000000417      -0.000000240       0.000046343  H
  2     1      -0.000000417       0.000000240      -0.000046343  H
  1    14       0.000010020      -0.000005786       0.000107127  Si
  1    14      -0.000010020       0.000005787      -0.000107126  Si
  2     1       0.000000416      -0.000000240       0.000046343  H
  2     1      -0.000000417       0.000000240      -0.000046343  H
  1    14       0.000010021      -0.000005786       0.000107128  Si
  1    14      -0.000010021       0.000005786      -0.000107126  Si
  2     1       0.000000416      -0.000000241       0.000046343  H
  2     1      -0.000000416       0.000000240      -0.000046343  H
  1    14       0.000010021      -0.000005786       0.000107127  Si
  1    14      -0.000010021       0.000005786      -0.000107126  Si
  2     1       0.000000416      -0.000000240       0.000046343  H
  2     1      -0.000000416       0.000000240      -0.000046343  H
  1    14       0.000010021      -0.000005786       0.000107127  Si
  1    14      -0.000010021       0.000005785      -0.000107126  Si
  2     1       0.000000416      -0.000000240       0.000046343  H
  2     1      -0.000000416       0.000000240      -0.000046343  H
  1    14       0.000010021      -0.000005786       0.000107127  Si
  1    14      -0.000010021       0.000005785      -0.000107126  Si
  2     1       0.000000416      -0.000000240       0.000046343  H
  2     1      -0.000000416       0.000000240      -0.000046343  H
  1    14       0.000010021      -0.000005786       0.000107127  Si
  1    14      -0.000010021       0.000005785      -0.000107126  Si
  2     1       0.000000416      -0.000000240       0.000046343  H
  2     1      -0.000000416       0.000000240      -0.000046343  H
  1    14       0.000010021      -0.000005786       0.000107127  Si
  1    14      -0.000010021       0.000005785      -0.000107126  Si
  2     1       0.000000416      -0.000000240       0.000046343  H
  2     1      -0.000000416       0.000000240      -0.000046344  H
  1    14       0.000010021      -0.000005786       0.000107126  Si
  1    14      -0.000010021       0.000005785      -0.000107125  Si
  2     1       0.000000417      -0.000000241       0.000046343  H
  2     1      -0.000000416       0.000000240      -0.000046344  H
  1    14       0.000010020      -0.000005786       0.000107127  Si
  1    14      -0.000010021       0.000005785      -0.000107125  Si
  2     1       0.000000417      -0.000000241       0.000046343  H
  2     1      -0.000000416       0.000000240      -0.000046344  H
  1    14       0.000010021      -0.000005786       0.000107126  Si
  1    14      -0.000010021       0.000005785      -0.000107125  Si
  2     1       0.000000416      -0.000000241       0.000046343  H
  2     1      -0.000000416       0.000000240      -0.000046344  H
  1    14       0.000010021      -0.000005786       0.000107126  Si
  1    14      -0.000010021       0.000005785      -0.000107125  Si
  2     1       0.000000416      -0.000000241       0.000046343  H
  2     1      -0.000000416       0.000000240      -0.000046344  H
  1    14       0.000010021      -0.000005786       0.000107126  Si
  1    14      -0.000010021       0.000005785      -0.000107125  Si
  2     1       0.000000416      -0.000000241       0.000046343  H
  2     1      -0.000000416       0.000000240      -0.000046344  H
  1    14       0.000010020      -0.000005786       0.000107127  Si
  1    14      -0.000010021       0.000005786      -0.000107125  Si
  2     1       0.000000417      -0.000000241       0.000046342  H
  2     1      -0.000000416       0.000000240      -0.000046344  H
  1    14       0.000010021      -0.000005785       0.000107126  Si
  1    14      -0.000010021       0.000005785      -0.000107126  Si
  2     1       0.000000417      -0.000000240       0.000046344  H
  2     1      -0.000000417       0.000000241      -0.000046343  H
  1    14       0.000010021      -0.000005785       0.000107125  Si
  1    14      -0.000010021       0.000005785      -0.000107126  Si
  2     1       0.000000417      -0.000000240       0.000046344  H
  2     1      -0.000000417       0.000000241      -0.000046343  H
  1    14       0.000010021      -0.000005785       0.000107125  Si
  1    14      -0.000010021       0.000005785      -0.000107126  Si
  2     1       0.000000417      -0.000000240       0.000046344  H
  2     1      -0.000000417       0.000000241      -0.000046343  H
  1    14       0.000010021      -0.000005785       0.000107125  Si
  1    14      -0.000010021       0.000005785      -0.000107126  Si
  2     1       0.000000417      -0.000000240       0.000046344  H
  2     1      -0.000000417       0.000000241      -0.000046343  H
  1    14       0.000010021      -0.000005785       0.000107125  Si
  1    14      -0.000010021       0.000005785      -0.000107126  Si
  2     1       0.000000417      -0.000000240       0.000046344  H
  2     1      -0.000000417       0.000000241      -0.000046344  H
  1    14       0.000010021      -0.000005785       0.000107125  Si
  1    14      -0.000010021       0.000005785      -0.000107126  Si
  2     1       0.000000417      -0.000000240       0.000046344  H
  2     1      -0.000000416       0.000000240      -0.000046343  H
