    84
     1   -0.061726   -0.035637   -0.049928       0.006803
     2   -0.041150   -0.023758   -0.049928       0.006803
     3   -0.020575   -0.011879   -0.049928       0.006803
     4    0.000000   -0.000000   -0.049929       0.006803
     5    0.020575    0.011879   -0.049929       0.006803
     6    0.041151    0.023758   -0.049929       0.006803
     7    0.061726    0.035637   -0.049929       0.006803
     8   -0.061726   -0.011879   -0.049928       0.013605
     9   -0.041151    0.000000   -0.049928       0.013605
    10   -0.020575    0.011879   -0.049928       0.013605
    11    0.000000    0.023758   -0.049928       0.013605
    12    0.020575    0.035637   -0.049929       0.013605
    13    0.041151    0.047516   -0.049929       0.013605
    14    0.061726    0.059395   -0.049929       0.013605
    15   -0.061726    0.011879   -0.049928       0.013605
    16   -0.041151    0.023758   -0.049928       0.013605
    17   -0.020575    0.035637   -0.049928       0.013605
    18   -0.000000    0.047516   -0.049928       0.013605
    19    0.020575    0.059396   -0.049928       0.013605
    20    0.041151    0.071275   -0.049929       0.013605
    21    0.061726    0.083154   -0.049929       0.013605
    22   -0.061726    0.035638   -0.049928       0.013605
    23   -0.041151    0.047517   -0.049928       0.013605
    24   -0.020575    0.059396   -0.049928       0.013605
    25   -0.000000    0.071275   -0.049928       0.013605
    26    0.020575    0.083154   -0.049928       0.013605
    27    0.041151    0.095033   -0.049928       0.013605
    28    0.061726    0.106912   -0.049929       0.013605
    29   -0.061726   -0.035637    0.000000       0.006803
    30   -0.041151   -0.023758    0.000000       0.006803
    31   -0.020575   -0.011879    0.000000       0.006803
    32    0.000000    0.000000    0.000000       0.006803
    33    0.020575    0.011879   -0.000000       0.006803
    34    0.041151    0.023758   -0.000000       0.006803
    35    0.061726    0.035637   -0.000000       0.006803
    36   -0.061726   -0.011879    0.000000       0.013605
    37   -0.041151    0.000000    0.000000       0.013605
    38   -0.020575    0.011879    0.000000       0.013605
    39   -0.000000    0.023758    0.000000       0.013605
    40    0.020575    0.035637    0.000000       0.013605
    41    0.041151    0.047516   -0.000000       0.013605
    42    0.061726    0.059395   -0.000000       0.013605
    43   -0.061726    0.011879    0.000000       0.013605
    44   -0.041151    0.023758    0.000000       0.013605
    45   -0.020575    0.035637    0.000000       0.013605
    46   -0.000000    0.047517    0.000000       0.013605
    47    0.020575    0.059396    0.000000       0.013605
    48    0.041150    0.071275    0.000000       0.013605
    49    0.061726    0.083154   -0.000000       0.013605
    50   -0.061726    0.035638    0.000000       0.013605
    51   -0.041151    0.047517    0.000000       0.013605
    52   -0.020576    0.059396    0.000000       0.013605
    53   -0.000000    0.071275    0.000000       0.013605
    54    0.020575    0.083154    0.000000       0.013605
    55    0.041150    0.095033    0.000000       0.013605
    56    0.061726    0.106912    0.000000       0.013605
    57   -0.061726   -0.035637    0.049929       0.006803
    58   -0.041151   -0.023758    0.049929       0.006803
    59   -0.020575   -0.011879    0.049929       0.006803
    60   -0.000000    0.000000    0.049929       0.006803
    61    0.020575    0.011879    0.049928       0.006803
    62    0.041150    0.023758    0.049928       0.006803
    63    0.061726    0.035637    0.049928       0.006803
    64   -0.061726   -0.011879    0.049929       0.013605
    65   -0.041151    0.000000    0.049929       0.013605
    66   -0.020576    0.011879    0.049929       0.013605
    67   -0.000000    0.023758    0.049929       0.013605
    68    0.020575    0.035637    0.049929       0.013605
    69    0.041150    0.047517    0.049928       0.013605
    70    0.061726    0.059396    0.049928       0.013605
    71   -0.061726    0.011879    0.049929       0.013605
    72   -0.041151    0.023759    0.049929       0.013605
    73   -0.020576    0.035638    0.049929       0.013605
    74   -0.000000    0.047517    0.049929       0.013605
    75    0.020575    0.059396    0.049929       0.013605
    76    0.041150    0.071275    0.049929       0.013605
    77    0.061726    0.083154    0.049928       0.013605
    78   -0.061726    0.035638    0.049929       0.013605
    79   -0.041151    0.047517    0.049929       0.013605
    80   -0.020576    0.059396    0.049929       0.013605
    81   -0.000000    0.071275    0.049929       0.013605
    82    0.020575    0.083154    0.049929       0.013605
    83    0.041150    0.095033    0.049929       0.013605
    84    0.061726    0.106912    0.049929       0.013605
